-9.426152930979583
-1.2389636558226687
-7.9247114599282815
-8.780993649007282
1.0772407419158205
25.736897422409875
0.05097156185947625
-6.233128181417766
-8.050134902590406
-0.27446533664697326
-9.270532074985281
4.405071543659546
-16.158316431955335
4.076020576712265
3.68416098831919
-11.527332451859559
-7.271725776940197
-2.455068704870341
3.8835882867157876
17.100184710833602
-5.380093408769516
-8.022780085809815
9.696588456146065
-4.856560070818779
-4.439896361772818
-1.3816268678561239
11.49664787123451
-8.104560266501569
7.474417700377019
16.832485764795262
11.054627836582734
-0.5208016992381602
-2.995066592571571
1.8081311505660722
-5.660375448909501
6.930580082602188
9.472856099718852
-10.521332773961948
-7.787199278820944
2.7833840854248293
-14.813351788068212
-0.9519015806792585
4.878424627791711
6.664623890730334
-8.345321215637615
-8.49734940873332
-18.060241284730203
-1.862048773622752
2.357646689760491
-4.298534646687462
8.937190161061261
-11.837351592272402
-6.680878283803433
-10.909319587979763
-2.9000576935811138
3.496530787289432
5.0901311154982745
4.787120155706303
2.91633284592915
2.9241179531516233
0.7270607192900428
-7.825253365692869
0.9138776329470542
-8.043919037433884
7.975988836073371
-10.222268516381671
9.616818113333405
-1.015182764528338
11.067452973474667
-3.4359300634328465
-12.992038460202648
-3.7193062871216784
-2.698835468848021
8.572926213367941
4.236167805415693
-7.857754274691369
0.7775023250511294
5.888519816341329
10.324284962623505
-5.521547835194957
14.992096328919196
13.598188493034108
-17.5617939871093
7.290782895687494
-16.092808091835657
-1.4466630214083267
5.007624993835801
8.500686287033702
-0.1478626403833498
-8.442104912523439
9.60813169270643
11.983805456784363
-12.755768722749776
5.2295846342773435
4.896999982488707
-8.91623630914333
0.41676947531784214
4.564206159332123
13.555866349648397
2.7248313135648354
-6.868463271282163
7.994665260546243
7.13483776987659
-2.3062215415671012
-2.908611127613486
-12.70271441309178
-1.545850941784842
-0.0780137817608918
-2.4164886707752804
-6.967717895530498
3.153314939221276
3.462443056978116
0.7702437785183824
15.557971205927892
-1.8964763714292812
-1.4222403244434516
4.799894890095922
-2.119561631273257
-12.352526929839888
4.5517672647926375
-1.4058674457212113
3.865735214009661
-4.380004432120403
5.238331141402557
13.723025477907397
-8.11886688081355
5.136739575133315
4.5530556605404096
0.6137832308950188
6.4604533025300555
14.588211338208238
-1.8451025878477292
-1.3981776777591257
22.276332642999517
-12.173764999233212
-4.922630304165339
-11.643663248690103
3.4338084224391725
18.934712239457518
4.992940732753033
11.359120006469308
-4.048837656508249
0.4304545050141764
-7.037014638697356
11.769608921445307
0.6521353494011608
-5.3528547270127715
-12.43813370462069
7.376881414752628
-3.3296779795393645
11.550216755220973
2.484749307205001
4.051625761753142
-3.1881189958581673
-11.418612537799753
7.90921569525761
-7.133579271165093
6.3641034598606945
-14.9863751427418
-1.5175886223845159
-1.0076284787985559
-2.7631441609089946
-8.55186798795334
7.3122860977696895
2.9557612089001095
17.178867592274507
-2.4556707757986316
-3.9688249360535215
16.05695163450601
0.8502290837160426
2.1398850695574314
-4.795368065215686
-1.9594849888535033
-3.910530234582427
6.629069375505774
2.707130602768276
-0.8408280014907838
13.702665886789925
-9.212590627179175
-4.668161227637371
-2.3061023891728274
13.439143384438704
-12.923696068124524
15.558938383946007
1.9784957676252546
-13.146254033971116
6.2276682297357455
8.069355380213713
17.146679108927913
3.1506048868943375
-10.682740381967493
-18.806434881946764
-6.688546989288327
2.4123708052063924
12.774871391881675
6.689401266467437
1.720355630842427
-9.268531932309672
-1.956226382545738
-12.363583755308813
0.2550959403271261
-13.830757064267923
1.510659018046541
-11.557192828111098
17.012081063517503
6.56564065418934
2.055103356829001
-7.185044640676178
2.570108096612116
1.4008360080594768
9.667050977247387
7.952683116676765
-5.703970538005896
-1.0980423235832333
-3.7337370082228367
-8.038859790732776
5.7123176089764
-7.6406297544774535
-6.617275964219691
-4.30103856961095
-6.985558884132419
-12.97073082156434
3.6511396514510954
2.4947153123830006
13.156733933494973
8.962760922272354
14.969689813905052
-9.346149836480174
-11.682237601102434
-10.253331149396468
3.162236935032483
7.777366626184927
-12.582577380621522
-0.5841599765042282
-11.222865579382777
6.222698170685969
2.147188166058642
-15.430339606308646
0.9542318457509407
-15.374380191104692
6.330852606595881
9.478997076963168
-9.131541594954323
10.742046847859324
-0.6322211638450278
0.7292101163345912
7.46836840472352
7.73331465548687
6.373109792319983
-0.6406900786798934
1.1976808817484152
2.8907281352384557
5.240494222338318
2.497502550669245
0.6522301788434653
2.949375890838796
2.0871378930830766
2.066755326719192
12.464612829252435
-10.683906958854585
-25.81152743695295
1.1020210173469587
18.397333674353053
-9.004743195958445
-3.961845052531065
-3.895600080371836
4.4919849361623525
-4.285181189510774
7.680619260798449
7.8727936676121235
5.956060203925464
1.6042745276997772
4.930438200629657
-3.402331327153274
1.3987756915592626
0.20351453771308425
-3.2492332814434275
-1.0829775122413603
-19.658506425537446
-0.29880493211827924
-0.3720404786926608
-4.119840276186384
15.04156481507507
-2.711433480759498
2.0214910678721867
-4.423331063650004
13.883398372466417
-12.312817567329727
0.24579644843883916
-10.894365960139123
6.114940886709811
3.605283452320224
4.013545943205229
-4.647087289053962
-3.5200231862452114
-14.982188362129737
1.7821165587226813
3.779156655901398
8.274248002312987
6.375763687583297
6.46236688822748
-0.8912256467750068
-0.21762183835310506
-15.514774525823286
0.8401564207467322
0.7061357345745859
-4.219910220785131
-16.29612803925516
7.268063723530541
-8.458389543447211
-14.090349728770441
-1.3878581075295626
-18.347243488789992
6.631678021122073
-2.8776456733482303
7.209300400889841
-12.643427522803416
11.33881730133114
5.033632416917349
-11.051536616718161
17.13639547609186
-8.854957837998999
-9.917631891996677
-0.8332111954408425
6.596283239317862
0.6181579254856862
-4.688732839625042
-2.549506071988036
-7.614677126322092
-9.067038291794432
-6.5054484036252544
-1.086350104031009
19.615066242798672
-10.678744281305873
-7.281829586600373
6.409261959028184
12.324921548745277
1.995860559720523
5.861680815867709
7.879563283899998
-5.687735249386379
12.396726569092582
-16.607012301029624
-2.8609736632275276
-16.542575401551435
4.8634564869012475
6.936076771453157
6.318119925595053
4.895139766980487
-5.058118424491817
-11.058972347911624
-4.263793189572286
11.854011168833713
5.583531747518553
-0.42574575963039496
-7.798682640396373
16.042084147194252
-9.84924919748114
6.264352626185859
3.460174667182201
-1.1318657679848225
-5.458127199547485
-0.29390065817246486
-1.1695701178589548
10.319403758199222
6.808412087072551
-9.01080353378758
-7.316202102343736
-4.728321071648976
9.526508041015193
-1.0255858417283994
-8.23163249611641
0.08735237811952547
12.340075623459118
8.80374516695473
1.2880682316536167
-0.4198486595199505
2.8700849417545755
-18.070259954956164
-6.109143599214903
27.15684102716476
0.8307333772483168
-10.0526737419219
-7.415549641322437
3.9857940649369237
10.560639634096727
-2.1347617031699953
12.105226921273971
-3.4373071923408287
2.8938960690247972
4.901240775836272
-2.866881193228347
11.348077387779473
-1.7346579165161613
-1.7238209067741654
-1.720543394292002
-12.391644649864645
12.410690811150005
6.28549579338779
-7.292328718034266
-2.2552112444082146
11.06317513694624
-10.703054090686015
-1.422721976020669
-6.315358057370358
4.732526948823814
-3.2087872717132755
-11.428098052206709
3.166669661790732
5.495240304076205
-4.187499571428687
-8.047380283962685
-2.821392660729092
6.3332102952116776
-6.428601739692512
-3.7851879604985994
6.697103036367832
-7.5593412721413955
-11.47576190096922
-2.691164586471475
-8.726374168400888
0.827964723417571
13.632903583360246
-8.919564033761736
13.195005768814191
-8.204270305966254
6.041775744753895
0.4112288552382325
-16.707968844347032
-10.969439826896377
10.645239449121181
1.1684160633131055
-5.427932497859578
-3.008112435625216
0.8199038224492928
4.379881574467678
-10.783943038607031
-2.712395011613055
-11.590922609404304
-8.313452154333064
5.807814405329382
2.1120166467751376
0.22839005738454493
-4.700961780650606
-5.5024558865708855
-7.273212131271047
9.556072342179055
8.35342246570998
-0.25203983974044175
-0.002786850639379867
-3.3316806313265777
-5.27303250027904
8.675689903619203
-9.83040769198447
6.061579309405289
0.0608322590287312
4.62676392520795
3.577003591366596
1.7518879435730446
-5.41038482622012
-3.7686057602782657
-5.813348627087317
4.175473627662383
-7.442292462401446
15.118403521679602
4.230880478349546
1.5737240679355147
12.742216166359647
-11.922524050898282
5.572420070161953
7.482933058833453
6.336625211563552
11.847390061283358
-7.031340894693696
4.838787889780429
-13.047965880897197
-11.888029598273835
-2.2108345829397233
5.161633616233871
13.95446732616582
-9.34866472816902
8.999419273876658
-4.03483482927149
-13.343559969750306
-2.6511302208741148
10.126844520467843
-2.9516847542604574
-8.049502140935616
-9.739801648326841
1.2719046736326591
5.634299325062546
-1.9792368124814892
7.602065237128996
13.895014925034232
-15.25546570692938
-7.953084754228366
-7.18661697146675
18.34980963345476
7.492860837105583
8.32491315149307
-11.537674162252896
-5.427902742535583
-2.511406747256761
-12.29639355667249
-12.689511673948285
-2.74158939089909
-3.770134811817797
0.855172586857459
-7.387611634042479
-17.692455403674973
5.942615184552995
-0.23833029685863283
-11.110122438883426
-0.8848607241703367
0.4188761681364842
-2.9371347740346945
0.23901555798012084
1.7080828743869647
0.1891934431172086
-4.100175711760651
14.41247864566423
13.051154975305147
0.2769068391811502
-14.309880397043651
0.335730617505602
0.6414386892479979
0.09687538137366607
13.165847911174616
10.91533299838588
3.43148412408318
4.7760561455979476
-3.441329704015611
-2.1274357800586134
-2.312140036160621
-1.7973476531068202
1.866722808765183
1.6266450998588138
1.2885186734659109
-3.048369128989869
2.805528484041552
-23.49528506799251
1.0742602121846099
4.566106128795443
5.903425941135747
12.879494393402943
15.634692411938838
6.010563524193511
3.579382505366352
-0.7108172581803314
-2.651720007129409
-2.7244566608626704
4.48698357461607
3.4124772095464153
14.259448481707313
-0.673184340906002
2.820732945669069
-11.711996333791404
8.780683183171309
4.771792926179892
-15.034314070563646
-15.243868634533287
-0.33089162634695435
-3.9098463237858154
0.5641491160865671
-2.6907475231760927
1.5662661809226033
6.130148970545608
-7.747270448738856
-2.6212788107765537
3.9744097052918663
-17.7837212380027
5.126916156954785
-9.294133764569022
-7.296722922068541
-1.1501521617745172
7.8060733492403
-4.7838725198846515
7.724300965598819
-2.0213914645025324
6.0342767542059095
-6.5521116340185115
3.442063660071555
7.164554691101526
-11.027058828444517
12.645363640166009
-4.5596735923429685
-0.8132590085321143
17.649659262573195
17.565530305928608
-3.255203304400413
3.9324807876110666
14.203839575478627
11.767130610173181
-13.151196889001858
-3.293961935775645
-8.289228183311383
6.143386751874448
11.092742165713037
0.40870682582334983
-3.101861079385952
-0.42403027917083963
0.9024546101526981
0.13110931288978028
8.928877613086392
12.6867426163814
-8.12579458313123
16.765351876749886
4.248339846050709
1.405925165339952
4.6245067978054815
4.45338486216592
0.25001549274145396
1.972371187483973
1.9226397789469127
5.779107774805222
4.496087211044879
-12.756614165678073
-5.4527710944430545
1.4921789330730937
-12.44030062243841
-20.56975437870353
13.457454121896282
6.31369308003701
-6.955328765587391
12.51338257706917
7.50280528343232
12.283570738616145
1.422261606732692
0.16395935353310157
6.74858991760294
12.70798450439698
-10.232020360803153
-5.376854560051781
3.4105052866680277
0.8284231601475145
-1.386379559872924
-2.76852125120524
2.400846070630859
3.8765265069874237
1.7337172105222078
-3.578997368722064
-4.892192363654627
-0.660437922277798
0.36167456614694743
-9.334562670726275
2.870036669762438
8.243927092504041
6.442603618581536
-5.935425594091504
-9.70982896592496
-1.682881255498685
0.011690169162201813
0.41200417457027777
-8.050371992739663
4.101462698386887
-10.794655064571646
-1.6157491535211108
9.524278159760895
4.408647839386744
5.509811464309833
-6.872037236976845
5.433168157946741
8.54042730398247
-3.0068909453093298
-8.158764365872312
4.68272450781062
-1.934249165618113
7.028251599637145
-6.349450519112832
-2.0135631400282583
8.049660473351084
0.3549570846852294
-7.8297253846919
3.0587890965992024
6.327178149257118
-4.718523824721434
-3.155834412812875
12.53371801700722
18.882279543302293
3.545086296292234
4.567186561992854
-3.7505462896170543
-12.428858038176308
-8.491829205828047
-0.1114247433240486
1.145348433949435
-5.207884561684129
-10.269668644123565
-3.6913408888107746
-13.778461737112954
14.194270018455247
-8.938774645905804
13.600591896932897
-5.795307873732719
-2.876230291224971
-6.352336700378223
-4.785035374309514
12.409416754994162
4.447038514785798
-3.8149586282455674
-0.5771049904471023
-0.7024192557838966
6.275003642283195
-4.823177859277278
9.394639022453777
8.158705517189036
10.302076550886012
12.061877632602153
0.2913698597876854
-11.048954614597857
-2.2056417919123006
-3.7026111780137465
14.362089801376133
-7.542398600379911
8.225301911638663
2.121686951255749
2.1340373957859287
-5.413727682862607
-10.893965534627476
3.711340189930395
-1.208925927347977
9.831939051919335
2.696706605596501
2.3703143904339603
1.2011630870609027
10.40419533230117
-5.115797349146175
-16.53126067753633
-18.877232183788912
-13.166711129983499
-0.45598476802549365
-3.4474742242335004
11.224871006809073
19.622119187958596
7.155482811642134
6.334242592825653
-1.161326568137944
-6.806390147282203
9.560580302632818
23.351868481963937
-15.79389963209209
-7.060144293761033
-9.753975480973523
0.6079960352200801
-2.723584933410568
-5.573014696083433
2.871838670531249
-7.979534378986152
-6.867502696570683
-10.431487689571718
10.413178108456188
-11.562650894398265
-4.92572926935571
-4.4251035383677575
-7.908773827859455
0.7886074946521814
1.5389803651825738
-2.472360242217144
9.81389858373211
0.7384946067381761
-4.00985881575648
-3.8925989729958936
4.636117163813117
-11.309593192442621
2.128686758080304
16.742217067050642
-14.071624553039795
9.498947203802501
6.81108528764374
4.23560687185633
4.501364454790072
5.318179856309856
3.4397084266035085
4.674388271182397
10.049761577465922
11.471371307428065
-10.170542867854438
0.5893943896243602
-5.086896292914806
10.090574778529236
-9.826670516107342
16.72048705719158
-9.80677099868345
3.5228182881867363
-3.0748411857401323
-7.999496235645836
-7.00626644158271
13.858674083646262
-13.134160047521469
9.798262458521194
-8.612865838876436
-0.5559431465141143
-1.2373271516152469
-0.8475569526748103
-1.6423715973190147
-1.1824548848885146
-3.881174548193976
1.669066646307733
-0.5755012788332358
-2.204408071585524
-11.331109267599974
1.7470588852074298
0.6698796570873427
-7.504867766622841
-6.393482649887412
2.095289172064998
2.71099675498003
10.683472408609989
-24.519835880973524
1.3000701539182815
5.284946387237473
-2.7503649631578613
-2.35637007897835
-8.539412669841754
7.160084580529374
11.620593554893524
5.912081220025559
7.4144403485218
-12.914185760235457
7.751517887905867
8.15742937858193
-8.246186254548627
-1.6124851007742924
-11.226529801509722
-10.368938252310357
5.2474089219330935
-0.17539462043297885
12.19296896547622
-4.539065594553978
13.956235140880734
-5.635954317006115
7.149330575060988
-11.175390124522133
-4.278520137667862
1.1744015309365172
-4.155769120359108
3.394601959203098
8.96375678546049
-8.987541995405081
-3.403118481237819
-11.056278194383601
1.015927447913121
5.6848286024728445
2.960869444138683
-3.9589732724815487
14.415777082525457
1.7435320362331201
14.491894409616737
-10.210888200984268
2.4259910847508213
-1.7999228810040973
6.189700259825041
-3.5893127437764716
1.3678307333555217
-0.8881663139171068
-3.5945455903952386
14.299396642739845
2.4304665564444528
-15.324816926780718
11.735884272467757
7.674214138667509
-7.286803350299931
0.43558003070317025
12.389548556783192
-2.658534351056593
10.286351189106641
-3.7113902725269527
-8.063406985436142
-2.375895711585729
-5.488834994950772
-4.728907098026594
-2.544150147860252
7.114962029148268
-3.0430649011890534
7.646184907056734
6.084156779701225
-8.28150217837205
-6.841299632993258
9.442502390306757
-10.423019281541604
5.651148896856781
-9.780527664888078
5.717537720604914
-4.933525720661681
5.997461202539809
-3.772850512069269
11.13830866553847
-9.381371835987311
-0.23933657106444564
7.369528087423396
-2.03598694869798
-12.511507133160286
1.2168206128894987
14.280782719489912
-1.165247003802181
4.789070253669607
2.106169291240896
-6.172665049923369
11.754067086259727
-8.137694212366771
-6.613431822160269
15.181226066738812
0.7707266034170615
-1.4828387139198436
0.8564729813960883
2.1346510919416333
-4.8455854217591945
8.720271453598436
1.0887600432217726
-17.40811140710598
-8.00981457466252
-9.013314891177645
-8.545898090716198
-9.394023868818126
-0.00757220645298687
-0.33132919917868836
-4.253736301309302
-5.738249904101733
5.888971268726154
3.376466311853347
-17.25625176897773
3.3180094404159908
9.716704537560467
7.165422703096307
-4.107132955534204
10.37822126755294
-16.2692125381835
-0.636734422194692
3.336614829489851
-5.115796943641237
12.125023766060574
-6.6521003595753205
-4.600907953251099
-8.213013804698678
15.060197429620906
8.54107253304556
-8.470660405943429
-4.927462563687684
7.408576823534111
-15.625838314784728
4.425177764048344
-0.35729715467667966
5.187168507182847
26.0824220879649
1.3662048843791226
-6.287970728305391
-1.4739046240808145
-4.727623015880644
-6.8804960188385325
-12.406515880593338
-14.096290051720976
10.34094598738583
16.97071531887163
-4.572094970501081
1.1630108957441558
-5.744260722906861
10.397215115212987
-8.61194484768878
3.834920616761688
6.914437494175616
10.197330957833291
2.734760463210067
8.022789743115364
-11.481260771236064
-11.926582421057807
-8.401951925702965
4.827863592923734
2.4155100519364243
-14.100758235341027
-9.611968731882044
11.691621002084577
0.17907169638144171
-8.494567064588
8.414534508098539
11.522456921937748
2.6716860027741323
6.608217117598963
7.4269459136956115
-6.210316270319956
-3.377506347014869
0.024355773955088946
-8.279815726346158
10.941760392349117
15.876127842329744
-3.2642556737896493
-4.73941786130038
2.2364429945521667
-5.126376068176014
2.978302005297163
-15.295567736897523
-1.3561421287049227
-0.8436690043749238
-8.974445934410113
-7.993993627440134
10.519620693895304
4.329520668429375
-0.7910828724621981
8.455825231146056
-0.23462798747907898
-12.891074124091828
