1000
2
89
3
36
82
58
26
44
11
17
34
30
16
68
79
63
64
9
98
24
31
80
87
27
9
37
31
57
60
66
67
44
19
23
32
83
69
71
34
97
60
1
24
14
52
3
96
60
83
73
24
53
56
52
2
38
39
73
10
95
14
56
44
91
2
74
67
96
19
4
32
99
23
36
34
42
30
96
49
14
60
23
30
30
22
39
59
9
45
61
6
68
66
18
15
68
85
78
88
37
88
39
65
15
8
16
63
92
62
11
26
35
99
80
51
83
37
39
48
27
20
47
83
58
78
47
63
42
9
59
9
32
12
1
19
15
4
97
78
6
61
44
60
23
5
88
98
43
18
3
44
85
34
55
69
91
92
87
61
87
22
1
93
23
70
87
6
30
11
78
56
71
83
18
40
58
29
57
83
33
56
3
22
87
19
62
75
93
98
83
75
34
51
80
15
30
31
6
29
77
37
21
95
13
85
50
42
81
54
12
7
94
43
86
40
18
25
55
62
19
64
60
54
89
41
21
11
47
88
46
40
87
39
12
40
93
99
7
40
24
76
85
40
75
94
39
40
56
26
98
5
24
96
90
13
1
44
88
70
27
98
15
66
61
11
65
29
92
63
84
96
8
10
18
44
18
49
9
31
52
85
25
32
58
45
38
17
92
9
48
3
39
92
90
11
57
56
94
42
16
60
66
30
49
66
6
17
72
84
16
97
92
96
4
35
69
8
3
86
29
57
8
33
5
41
41
48
18
4
52
9
27
42
85
89
49
96
21
21
57
18
27
49
8
85
39
51
61
68
38
16
85
18
78
91
97
92
28
55
64
6
76
86
100
32
25
68
69
38
17
69
69
18
53
84
32
49
46
89
78
79
53
61
25
32
62
21
35
86
21
37
27
17
91
38
53
32
25
5
8
77
49
36
2
17
52
36
7
40
57
98
22
57
78
65
12
35
82
48
64
9
12
14
95
75
33
64
16
1
79
22
19
12
2
98
87
52
75
19
29
57
54
67
67
87
25
75
56
7
80
40
92
78
11
2
71
39
69
54
44
85
89
4
30
95
2
3
29
53
5
53
29
54
57
45
80
79
28
51
17
8
14
82
24
2
56
37
57
28
7
98
42
34
86
57
85
91
75
81
36
66
30
44
24
45
5
52
100
21
63
94
4
16
53
9
39
75
83
47
39
47
12
25
54
18
63
7
65
43
24
84
92
1
78
49
8
78
61
90
2
19
2
43
21
1
69
14
57
56
96
7
19
94
83
90
99
81
94
6
18
54
59
23
42
61
67
20
95
40
26
38
49
56
84
85
25
91
83
75
8
94
100
56
89
12
59
65
87
78
20
92
30
62
47
19
64
97
23
38
18
17
13
71
44
24
34
31
71
77
50
21
24
98
26
71
71
5
74
99
56
11
85
57
16
53
73
47
99
22
27
76
36
43
28
68
50
65
74
6
76
60
39
20
54
87
40
86
43
72
93
27
40
92
86
86
39
96
78
39
41
67
69
38
69
32
74
24
74
29
94
13
28
11
85
72
98
24
71
43
29
16
92
5
38
10
29
32
83
23
49
22
34
94
91
100
75
97
89
46
23
53
35
22
80
35
85
60
36
92
35
72
33
58
20
83
47
90
89
43
71
51
41
57
55
40
69
17
86
57
93
21
79
42
40
70
31
65
53
61
5
53
18
76
51
78
14
26
85
50
83
32
48
31
51
74
23
60
50
63
82
63
3
28
87
19
77
78
42
69
10
23
51
83
71
82
66
57
44
81
48
67
11
9
60
84
21
81
65
34
84
10
56
20
87
65
29
83
44
20
28
72
21
26
13
18
91
55
75
4
69
12
98
69
93
15
32
52
89
8
17
10
22
78
100
98
99
87
76
57
58
80
39
61
7
100
59
90
36
40
71
88
32
65
20
12
25
39
83
91
22
57
83
7
25
54
81
35
95
30
45
43
36
12
89
94
48
5
91
89
39
83
22
57
30
51
19
2
68
94
24
67
14
41
77
9
85
13
60
42
83
92
72
80
41
31
8
82
55
37
13
82
47
26
69
60
50
90
74
34
13
32
14
94
44
11
7
65
74
10
45
68
100
74
87
9
64
95
75
49
30
53
71
48
9
64
3
38
71
54
39
95
12
28
62
75
99
58
98
31
89
52
46
100
70
41
86
61
22
66
43
41
80
35
20
94
85
77
45
8
12
10
65
53
20
87
22
74
23
95
54
66
39
59
20
91
98
29
33
37
79
49
14
55
53
33
97
99
49
98
97
